1530209347207
1530209353619
1530209356215
1530209358947
1530209363485
1530209368766
1530209369765
1530209371017
1530209373371
1530209376770
1530209384178
1530209386434
1530209394634
1530209398053
1530209400167
1530209401905
1530209405970
1530209409862
1530209414321
1530209417585
1530209424063
1530209429063
1530209448664
1530209453146
1530209456406
1530209460413
1530209463281
1530209467483
1530209472561
1530209477482
1530209480024
1530209484951
1530209489826
1530209495241
1530209501385
1530209505053
1530209507901
1530209514983
1530209519118
1530209522582
1530209529751
1530209534654
1530209538655
 



























